# index

index
. . . . . . . 
A
anusaya		6,	69,	71,	358,	361
āsava		60,	142,	156,	165,	192,	311,	333,	358,	359
avijjā		60,	61,	70,	117,	141,	144,	304,	358,	359,	361
B
Bare	Knowing		83,	90,	91,	92,	94,	95,	96,	97,	102,	
103,	118,	120,	121,	123,	129,	134,	138,	160,	165,	196,	
197,	207,	209,	213,	222,	228,	229,	245,	246,	248,	
250,	251,	252,	254,	255,	261,	264,	284,	285,	286,	
287,	288,	299,	305,	316,	318,	330,	331,	332,	334,	335,	
338,	339,	358,	359,	361
bhava		123,	151,	153,	156,	160,	161,	358,	359
bhikkhu		8,	9,	19,	60,	69,	89,	97,	104,	163,	184,	192,	
196,	228,	230,	232,	234,	236,	245,	256,	259,	260,	
261,	263,	266,	267,	268,	270,	272,	285,	286,	289,	
291,	298,	300,	305,	306,	312,	332,	333,	334,	335,	336,	
337,	340,	358
bhikkhuni		267,	358
C
Collectedness		8,	127,	180,	189,	228,	358,	360
Contact		ii,	99,	101,	102,	116,	121,	129,	292,	310,	358,	

Craving		9,	116,	117,	121,	122,	129,	133,	141,	151,	152,	
153,	154,	155,	156,	157,	158,	160,	161,	163,	164,	223,	
269,	274,	275,	276,	278,	279,	280,	281,	291,	292,	
310,	340,	358,	361
D
Disillusionment		127,	317,	358,	359
Dispassion		127,	318,	358,	361
dukkha		4,	21,	23,	24,	57,	58,	59,	63,	86,	102,	103,	112,	
113,	116,	117,	125,	133,	138,	139,	141,	142,	143,	151,	153,	
161,	192,	193,	194,	195,	196,	212,	225,	232,	233,	234,	
237,	247,	266,	268,	310,	312,	316,	319,	331,	333,	334,	
338,	341,	358,	359
E
Existence		108,	122,	141,	156,	157,	278,	280,	326,	354,	
358,	359
F
Feeling		83,	86,	87,	90,	91,	94,	99,	103,	116,	117,	121,	
129,	134,	155,	160,	165,	197,	209,	213,	222,	228,	229,	
245,	246,	250,	251,	259,	261,	264,	284,	285,	286,	
287,	288,	292,	298,	305,	310,	318,	330,	331,	332,	338,	
339,	358,	359,	361
Fetters		61,	71,	156,	168,	313,	326,	359,	360
Five	Groups	of	Grasping		5,	11,	15,	69,	76,	79,	81,	82,	
83,	84,	86,	90,	91,	96,	101,	102,	103,	117,	118,	120,	121,	
131,	132,	133,	134,	135,	136,	137,	138,	139,	142,	144,	
152,	155,	160,	161,	162,	168,	180,	197,	207,	212,	218,	
223,	224,	225,	226,	230,	232,	236,	237,	238,	243,	
244,	246,	247,	249,	251,	255,	256,	262,	264,	266,	
272,	281,	289,	298,	299,	304,	318,	331,	332,	335,	337,	
339, 359
G
Grasping		5,	11,	15,	67,	69,	76,	79,	81,	82,	83,	84,	86,	
90,	91,	94,	96,	101,	102,	103,	116,	117,	118,	120,	121,	
122,	131,	132,	133,	134,	135,	136,	137,	138,	139,	142,	
144,	152,	155,	160,	161,	162,	165,	168,	180,	197,	207,	
212,	218,	223,	224,	225,	226,	230,	232,	236,	237,	238,	
242,	243,	244,	246,	247,	249,	251,	255,	256,	262,	
264,	266,	272,	281,	289,	291,	292,	298,	299,	304,	
310,	318,	331,	332,	335,	337,	338,	339,	359,	361
I
Identity	view		168,	169,	326,	359
Ignorance		115,	116,	117,	126,	129,	133,	141,	142,	144,	
146,	147,	158,	218,	223,	232,	243,	311,	320,	338,	358,	
359

M
mentality-materiality  115, 116, 119, 120, 121, 129, 
245,	271,	310,	359,	360
mindfulness		9,	99,	126,	127,	139,	143,	149,	177,	178,	
179,	184,	186,	187,	188,	191,	194,	197,	226,	229,	230,	
234,	244,	245,	262,	289,	300,	304,	340,	353,	359,	

N
nāma-rūpa		118,	119,	359
nibbidā		125,	207,	228,	247,	248,	261,	279,	316,	317,	
318,	332,	359
O
Outflows		123,	127,	142,	143,	144,	156,	178,	196,	203,	
206,	213,	229,	230,	232,	264,	305,	311,	326,	333,	
334,	359
P
pañcupādānakkhandhā		81,	359
Passion		283,	320,	326,	359
phassa		87,	88,	91,	101,	118,	359
R
rāga		133,	156,	161,	281,	283,	323,	359
Recognizing		22,	83,	88,	90,	91,	103,	134,	165,	197,	
209,	213,	222,	228,	229,	245,	246,	248,	250,	251,	
252,	254,	255,	260,	261,	284,	285,	286,	287,	288,	
298,	302,	305,	316,	318,	330,	331,	332,	334,	335,	338,	
339, 359, 360
rūpa		83,	84,	118,	119,	122,	134,	139,	163,	262,	359
S
sakkāya	diṭṭhi		6,	61,	67,	71,	168,	212,	213,	306,	321,	
359, 360
saḷ-āyatana		360,	361
samādhi		8,	180,	189,	228,	360
samana-brahmana		49,	206,	211,	338,	360
saṃyojana		6,	61,	156,	168,	359,	360
saṅkhārā		83,	90,	91,	92,	93,	96,	115,	116,	117,	118,	
119,	124,	125,	129,	134,	137,	336,	337,	338,	359,	360,	

saññā		83,	88,	89,	93,	103,	118,	134,	221,	225,	359,	

sati		187,	359,	360
satipaṭṭhāna		360
Six	Sense	Bases		67,	99,	117,	119,	120,	129,	133,	180,	
223,	238,	266,	300,	360,	361
sukha		86,	102,	103,	125,	142,	154,	155,	228,	237,	247,	
277,	278,	359,	361
T
taṇhā		151,	153,	165,	361
U
Underlying	Disposition		6,	71,	155,	174,	309,	330,	361
upādāna		27,	122,	160,	165,	291,	359,	361
V
vedanā		58,	83,	86,	103,	118,	134,	193,	359,	361
viññāṇa		83,	88,	92,	93,	94,	95,	96,	102,	115,	116,	117,	
118,	119,	120,	134,	225,	358,	359,	361
virāga		125,	228,	247,	248,	275,	276,	316,	317,	358,	

W
Willing	and	Habiting		59,	83,	90,	91,	118,	134,	137,	
139,	165,	196,	197,	209,	213,	222,	228,	229,	245,	
246,	248,	250,	251,	252,	254,	255,	260,	261,	284,	
285,	286,	287,	288,	302,	305,	311,	316,	330,	331,	332,	
334,	335,	337,	338,	339,	359,	360,	361

Beyond 
I-Making
A Contemplative Investigation of the Concept  
of Anattā and the Path to its Realization
Ajahn Thiradhammo
Beyond I-Making is a contemplative investigation of the concept  
of Anattā and the path to its realization. The concept of Anattā, not 
a permanent self, is the most profound, yet least understood, of the 
Buddha’s teachings. This contemplative workbook provides a detailed 
explanation of the processes of making ‘I’ resulting in the grasping of 
a self. To clearly understand these processes we revisit the Buddha’s 
Awakening from a new perspective and investigate the important 
concepts he used to explain his profound experience. Part Three then 
elaborates the specific methods the Buddha taught for the cessation 
of I-Making and the realization of liberation from suffering.
Beyond I-Making                                                                                   Ajahn Thiradhammo
